76
2446
57
2641
78
22211
66
33234
53
92942
15
93031
80
100995
46
109645
98
114237
33
116290
43
116699
75
143966
76
167477
20
231213
37
240569
18
241327
13
243867
28
247941
59
253726
6
254929
8
328740
12
353524
99
399109
46
401685
50
451106
1
466768
8
488938
73
669911
77
674268
83
679434
23
707321
82
716246
68
717658
81
718972
87
730668
54
736996
58
749367
30
753662
62
769220
94
773497
51
786293
82
810420
23
821784
17
902756
87
921532
20
1028290
95
1028465
86
1050836
80
1070547
41
1071436
55
1082506
3
1084823
93
1086138
17
1093557
22
1095095
48
1098691
76
1107437
46
1107442
74
1107935
59
1109051
53
1109054
4
1110567
34
1112448
61
1112449
63
1112450
81
1112451
82
1112452
44
1112453
24
1112454
30
1112455
79
1112456
48
1112457
29
1112458
94
1112459
31
1112460
36
1112461
90
1112462
88
1112463
47
1112464
35
1112465
93
1112466
20
1112467
25
1112468
79
1112469
41
1112470
74
1112471
86
1112472
18
1112473
54
1112474
28
1112475
87
1112476
73
1112477
1
1112478
69
1112479
8
1112480
5
1112481
88
1112482
99
1112483
82
1112484
73
1112485
9
1112486
93
1112487
57
1112488
86
1112489
3
1112490
29
1116498
47
1116499
23
1116500
10
1116501
76
1116502
26
1116503
64
1116504
92
1116505
64
1120244
6
1123769
92
1124453
29
1125246
52
1128529
96
1130579
93
1134914
18
1135419
25
1135487
46
1141673
25
1143757
86
1143758
16
1148531
62
1152995
55
1152996
47
1152997
82
1152998
76
2446
57
2641
78
22211
66
33234
53
92942
15
93031
80
100995
46
109645
98
114237
33
116290
43
116699
75
143966
76
167477
20
231213
37
240569
18
241327
13
243867
28
247941
59
253726
6
254929
8
328740
12
353524
99
399109
46
401685
50
451106
1
466768
8
488938
73
669911
77
674268
83
679434
23
707321
82
716246
68
717658
81
718972
87
730668
54
736996
58
749367
30
753662
62
769220
94
773497
51
786293
82
810420
23
821784
17
902756
87
921532
20
1028290
95
1028465
86
1050836
80
1070547
41
1071436
55
1082506
3
1084823
93
1086138
17
1093557
22
1095095
48
1098691
76
1107437
46
1107442
74
1107935
59
1109051
53
1109054
4
1110567
34
1112448
61
1112449
63
1112450
81
1112451
82
1112452
44
1112453
24
1112454
30
1112455
79
1112456
48
1112457
29
1112458
94
1112459
31
1112460
36
1112461
90
1112462
88
1112463
47
1112464
35
1112465
93
1112466
20
1112467
25
1112468
79
1112469
41
1112470
74
1112471
86
1112472
18
1112473
54
1112474
28
1112475
87
1112476
73
1112477
1
1112478
69
1112479
8
1112480
5
1112481
88
1112482
99
1112483
82
1112484
73
1112485
9
1112486
93
1112487
57
1112488
86
1112489
3
1112490
29
1116498
47
1116499
23
1116500
10
1116501
76
1116502
26
1116503
64
1116504
92
1116505
64
1120244
6
1123769
92
1124453
29
1125246
52
1128529
96
1130579
93
1134914
18
1135419
25
1135487
46
1141673
25
1143757
86
1143758
16
1148531
62
1152995
55
1152996
47
1152997
82
1152998
